bin_pack_100_0.dat
            product
box                
0         7, 83, 99
1    47, 85, 87, 91
2        40, 54, 93
3            44, 45
4         4, 89, 98
5             3, 76
6        16, 74, 95
7            14, 62
8        48, 50, 88
9             2, 72
10            0, 61
11       58, 59, 84
12       53, 70, 82
13            1, 60
14            5, 86
15            6, 75
16       41, 51, 94
17       30, 67, 90
18           18, 81
19           20, 56
20       12, 77, 97
21           13, 73
22           10, 71
23           15, 65
24           38, 42
25       57, 68, 69
26            9, 80
27           39, 64
28           21, 63
29           17, 52
30           24, 37
31           25, 36
32           28, 34
33           23, 43
34       46, 49, 92
35           29, 33
36       27, 78, 96
37            8, 79
38           26, 35
40           19, 55
41           22, 66
42               11
43           31, 32

bin_pack_100_1.dat
            product
box                
0        40, 61, 97
1            42, 43
2        12, 90, 96
3        48, 52, 88
4            38, 39
5        46, 51, 99
6        18, 85, 87
7             6, 91
8        47, 59, 94
9        56, 58, 92
10       57, 62, 75
11            1, 65
12       64, 66, 69
13       53, 60, 84
14            4, 80
15            5, 79
16           13, 76
17            7, 82
18            2, 78
19   45, 86, 89, 95
20           11, 55
21           29, 34
22           17, 63
23           15, 71
24            0, 74
25            8, 73
26           19, 83
27           16, 93
28           23, 50
29           14, 68
30           25, 54
31           49, 77
32           27, 37
33           35, 41
34           26, 44
35           31, 32
36           30, 33
37       21, 72, 98
39            3, 70
40                9
41               20
42           22, 81
82               24
98           28, 36
99           10, 67

bin_pack_100_2.dat
            product
box                
0        45, 72, 80
1            12, 55
2            15, 62
3            29, 65
4    69, 78, 79, 95
5        48, 52, 96
6        53, 54, 92
7        42, 57, 91
8             0, 88
9            23, 66
10           25, 64
11            4, 63
12            1, 87
13       51, 59, 90
14            3, 67
15            5, 70
16        2, 94, 97
17           35, 68
18            8, 81
19       41, 46, 98
20       11, 85, 93
21           13, 50
22            9, 58
23           10, 60
24       20, 83, 89
25           18, 61
26           14, 49
27       17, 73, 99
28           21, 56
29       26, 82, 86
30           24, 38
31       47, 75, 76
32           28, 36
33           19, 43
34           31, 40
35           32, 44
36           33, 34
37           16, 71
38           30, 37
39            7, 74
40            6, 77
41           22, 39
98           27, 84

bin_pack_105_0.dat
             product
box                 
0         43, 83, 88
1         40, 87, 90
2             46, 47
3             19, 49
4         50, 52, 91
5         15, 84, 98
6              7, 58
7              4, 64
8         11, 94, 96
9              5, 59
10             0, 63
11        55, 62, 80
12             1, 95
13             3, 69
14            13, 57
15        61, 65, 74
16        45, 54, 97
17             9, 60
18            10, 53
19       44, 51, 100
20            12, 67
21             6, 68
22        16, 86, 93
23   56, 70, 99, 102
24            36, 71
25       17, 77, 101
26        18, 89, 92
28       22, 79, 103
29            26, 39
30             2, 76
31            25, 73
32            31, 33
33            30, 48
34            27, 42
36            32, 34
37        35, 81, 82
38            28, 37
39            29, 38
40       20, 78, 104
41             8, 72
42            14, 75
43            21, 66
103           23, 85
104           24, 41

bin_pack_105_1.dat
Fail

bin_pack_105_2.dat
             product
box                 
0             18, 73
1     80, 83, 85, 87
2         31, 93, 98
3         13, 92, 94
4        22, 74, 101
5    53, 91, 97, 100
6        52, 55, 102
7              5, 66
8              9, 61
9         62, 67, 75
10             3, 65
11            37, 56
12             0, 69
13             7, 68
14             2, 82
15            36, 58
16             4, 84
17             6, 79
18        57, 59, 96
19            23, 42
20            11, 72
21       30, 64, 104
22       47, 50, 103
23            14, 54
24            15, 76
25            17, 78
26            19, 89
27             1, 71
28        10, 90, 99
29            33, 49
30             8, 70
31            26, 60
32            28, 51
33            29, 48
34        45, 81, 86
35            32, 43
36            21, 44
37            34, 35
38            20, 46
39            12, 77
40            38, 39
41            27, 41
42            24, 63
103           25, 40
104       16, 88, 95

bin_pack_110_0.dat
              product
box                  
0         22, 86, 100
1         20, 77, 107
2         19, 72, 109
3         51, 56, 108
4    50, 96, 101, 105
5         53, 54, 104
6          14, 97, 98
7              17, 63
8              27, 52
9               5, 90
10    64, 81, 99, 103
11              0, 74
12              1, 95
13              3, 83
14              2, 82
15              9, 84
16    68, 78, 88, 102
17              8, 73
18             13, 70
19             10, 57
20             12, 60
21             25, 42
22             15, 79
23         46, 62, 94
24             49, 58
25              4, 66
26         48, 75, 76
27             21, 59
28              6, 71
29              7, 69
30             24, 47
31         26, 87, 93
32             16, 61
33             30, 38
34             35, 36
35             34, 45
36             33, 44
38         29, 85, 92
39             32, 37
40             39, 55
41             31, 40
42        18, 89, 106
43             11, 65
44             28, 41
108            23, 43
109        67, 80, 91

bin_pack_110_1.dat
Fail

bin_pack_110_2.dat
         product
box             
0    3, 103, 106
1         17, 67
2     49, 62, 98
3     60, 79, 95
4    54, 57, 101
5          6, 86
6    50, 66, 102
7         52, 53
8         39, 44
9    43, 64, 104
10    51, 58, 99
11        47, 48
12         0, 80
13        10, 72
14         1, 84
15         4, 96
16         5, 85
17         2, 77
18         7, 74
19         9, 82
20         8, 70
21    46, 75, 94
22        12, 63
23        24, 69
24       11, 100
25   16, 89, 105
26        18, 59
27        45, 56
28        15, 88
29        30, 61
30   19, 81, 108
31        34, 37
32        26, 68
33        27, 90
34        20, 76
35    29, 83, 97
36        32, 42
37   21, 78, 109
38        33, 38
39        35, 36
40        31, 40
41        23, 71
42        28, 41
43    55, 65, 93
44        22, 73
45        14, 92
108       25, 91
109  13, 87, 107

bin_pack_115_0.dat
             product
box                 
0         48, 76, 99
1             11, 87
2        60, 66, 106
3        54, 59, 107
4        45, 85, 103
5             15, 62
6              9, 89
7              8, 79
8        24, 91, 104
9              6, 81
10            37, 63
11            33, 61
12             0, 80
13       50, 56, 108
14             3, 98
15       29, 69, 113
16             4, 68
17             7, 65
18      10, 101, 112
19            12, 58
20       47, 57, 110
21             2, 71
22            28, 43
23            14, 82
24      16, 100, 105
25            18, 51
26            22, 70
27        39, 75, 97
28             1, 73
29             5, 64
30      13, 102, 111
31   67, 83, 96, 109
32   77, 78, 84, 114
33            32, 49
35            17, 53
36            31, 46
37            21, 52
38            35, 41
39        34, 90, 93
40            23, 86
41            30, 40
42        55, 88, 92
43            27, 42
45            20, 74
46        26, 94, 95
47            25, 44
113           36, 38
114           19, 72

bin_pack_115_1.dat
              product
box                  
0    71, 88, 104, 105
1         57, 58, 107
2    51, 96, 101, 112
3         52, 62, 108
4          55, 68, 98
5              19, 54
6         60, 64, 106
7               2, 72
8               1, 73
9         53, 56, 103
10             22, 77
11             0, 100
12             15, 61
13        47, 59, 109
14         49, 69, 99
15              3, 75
16              4, 74
17             14, 97
18             17, 67
19             11, 65
20             35, 66
21             10, 89
22        12, 94, 111
24        48, 63, 110
25             23, 78
26              5, 70
27             36, 43
28         81, 82, 85
29              9, 93
30             13, 86
31            18, 113
32              7, 83
33             26, 76
34        28, 92, 102
35             29, 44
36             16, 95
37             32, 39
38             33, 50
39             30, 45
40             24, 91
41              6, 80
42        27, 87, 114
43              8, 90
44             41, 42
45             34, 46
46             20, 84
47             25, 79
48                 21
49             37, 38
50             31, 40

bin_pack_115_2.dat
              product
box                  
0              21, 96
1              28, 76
2         51, 63, 111
3         52, 65, 110
4               3, 99
5         46, 64, 108
6    75, 77, 102, 113
7        11, 103, 106
8         31, 86, 104
9         57, 59, 101
10             53, 54
11        18, 85, 112
12             15, 58
13        56, 61, 100
14              6, 84
15              2, 74
16              4, 81
17        10, 94, 114
18              7, 71
19              8, 69
20              0, 80
21              5, 72
22             13, 79
23             12, 60
24             14, 70
25             40, 47
26             19, 82
27        50, 66, 105
28              1, 78
29        20, 88, 109
30             32, 41
31         44, 83, 97
32             25, 49
33             17, 67
34             27, 62
35             34, 55
37             22, 95
38             36, 73
39        24, 90, 107
40             35, 38
41         39, 92, 93
42             29, 42
43             23, 68
44             37, 43
45             30, 48
46              9, 89
48             26, 45
113        33, 91, 98
114            16, 87

bin_pack_120_0.dat
               product
box                   
0          37, 68, 119
1          52, 73, 109
2                4, 79
3           60, 64, 99
4          56, 57, 118
5          58, 59, 110
7          50, 66, 112
8          8, 106, 113
9               15, 67
10               2, 89
11              1, 103
12         49, 72, 116
13         63, 74, 111
14               3, 76
15               6, 75
16         61, 80, 104
17   62, 101, 102, 115
18              51, 55
19               9, 65
20              11, 77
21        13, 107, 114
22               7, 78
23              10, 69
24              21, 53
25               0, 88
26              35, 48
27              18, 85
28              17, 83
29              28, 44
30              14, 84
31         26, 90, 117
32              24, 81
33               5, 82
34        12, 105, 108
35              19, 86
36              25, 95
37              34, 71
38              20, 87
39         32, 91, 100
40              33, 43
41          40, 93, 98
42              27, 46
43              41, 42
44          30, 96, 97
45              39, 45
46              16, 70
47              29, 54
49              23, 92
50              22, 94
118             36, 38
119             31, 47

bin_pack_120_1.dat
Fail

bin_pack_120_2.dat
               product
box                   
0               14, 77
1          3, 104, 119
2               53, 54
3               55, 56
4                8, 68
5               51, 63
6          50, 60, 113
7    64, 106, 107, 112
8                2, 76
9          67, 69, 108
10         62, 71, 109
11              30, 73
12          74, 75, 82
13              48, 61
14               0, 78
15               1, 99
16         4, 105, 116
17         49, 79, 103
18              20, 57
19              10, 80
20               7, 86
21               9, 89
22          58, 81, 96
23              16, 87
24              13, 72
25              6, 110
26              39, 43
27         17, 90, 117
28              19, 66
29              26, 59
30              21, 83
31              25, 93
32              29, 88
33              15, 70
34              23, 65
35              24, 52
36              31, 85
37               5, 97
38          45, 84, 98
39              33, 46
40              36, 42
41         32, 94, 102
43              34, 47
44              37, 41
45        11, 100, 118
46         28, 95, 115
47        18, 101, 111
48         27, 91, 114
49                  22
50              35, 44
118             38, 40
119             12, 92

bin_pack_125_0.dat
               product
box                   
0               34, 43
1          54, 77, 114
2               36, 68
3    69, 109, 111, 117
4          60, 71, 106
5          62, 63, 110
6          57, 61, 113
7          56, 64, 120
8               13, 74
9          53, 67, 122
10         66, 79, 116
11              0, 101
12               4, 82
13   55, 104, 112, 118
14               2, 75
15               1, 91
16               3, 81
17               6, 83
18              42, 76
19        16, 108, 115
20        12, 103, 119
21               7, 89
22              14, 78
23              10, 90
24               9, 72
25              37, 40
26               8, 80
27              17, 65
28              19, 87
29              27, 59
30              23, 88
31         22, 84, 124
32              11, 70
33              25, 99
34         21, 85, 123
35              28, 49
36         30, 97, 121
37              31, 46
38              20, 93
39              35, 52
40              29, 51
41              38, 50
42              18, 94
43         45, 86, 100
44              5, 107
45              41, 44
46        26, 102, 105
47              24, 95
48              32, 48
49              15, 73
50              33, 47
123         92, 96, 98
124             39, 58

bin_pack_125_1.dat
Fail

bin_pack_125_2.dat
              product
box                  
0         10, 98, 124
1         53, 70, 122
2        40, 105, 109
3         55, 72, 120
4              31, 58
5         66, 69, 116
6         1, 110, 123
7              12, 96
8         62, 81, 117
9              24, 63
10        32, 92, 113
11   76, 94, 114, 115
12             16, 88
13              5, 95
14              0, 89
15              7, 99
16             2, 103
17              3, 97
18        52, 64, 121
19        6, 111, 119
20        59, 78, 107
21              4, 77
22             22, 85
23             11, 75
24        61, 65, 112
25             13, 74
26             15, 83
27        60, 71, 118
28              9, 80
30            21, 104
31             14, 68
32             23, 93
33         57, 87, 91
34             18, 67
35             26, 79
36             28, 86
38             42, 49
39             33, 56
40             46, 51
41             35, 45
42             37, 54
43             38, 50
44       39, 106, 108
45             41, 43
46            27, 102
47             29, 47
48             36, 73
49            19, 100
50             20, 82
51             17, 84
53            25, 101
54             30, 48
123            34, 44
124             8, 90

bin_pack_130_0.dat
               product
box                   
0         19, 118, 120
1               23, 70
2                4, 98
3          54, 74, 116
4    62, 111, 113, 123
5          63, 79, 112
6              72, 102
7          61, 64, 121
8    43, 114, 119, 128
9          53, 66, 122
10              26, 58
11         55, 76, 107
12               0, 86
13         1, 117, 127
14         52, 68, 129
15              9, 109
16         3, 115, 126
17               5, 80
18              10, 73
19              28, 85
20         69, 71, 110
21              11, 88
22              12, 87
23               2, 92
24              13, 83
25              14, 94
26              18, 67
27              17, 75
28              16, 82
29              20, 59
30              21, 90
31              22, 84
33              24, 56
34               6, 81
35               8, 95
36              27, 57
37              29, 96
38        31, 104, 106
39        40, 103, 105
40              32, 47
41         35, 89, 124
42              33, 48
43         38, 78, 125
44              15, 99
45              41, 51
46              36, 60
47              39, 44
48              34, 46
49              37, 45
50              49, 50
51              25, 65
52             42, 100
81        30, 101, 108
90          77, 91, 93
129              7, 97

bin_pack_130_1.dat
              product
box                  
0    81, 86, 127, 128
1              32, 72
2              50, 59
3         55, 84, 113
4         71, 73, 103
5              20, 74
6         65, 66, 125
7         62, 67, 117
8              17, 79
9              31, 61
10             21, 76
11             5, 100
13        80, 82, 114
14             0, 109
15             1, 108
16             2, 111
17             3, 107
18             16, 70
19              4, 89
20             7, 104
21        9, 115, 121
22             15, 90
23             11, 88
24            12, 102
25             44, 69
26             14, 85
27        64, 83, 116
28        57, 68, 122
29             40, 47
30         75, 92, 97
31        56, 63, 124
32       23, 110, 119
33             10, 87
34             25, 91
35        26, 95, 123
36       27, 112, 126
37             28, 78
38             19, 94
39             46, 53
40              8, 98
41        35, 96, 118
42             6, 101
43             37, 54
44             39, 52
45             22, 99
46             41, 42
47             30, 51
48            18, 105
49       29, 106, 120
51             24, 58
52             38, 60
53        43, 77, 129
54             34, 48
55             33, 49
56             36, 45
129            13, 93

bin_pack_130_2.dat
          product
box              
0     42, 98, 109
1     61, 82, 112
2          13, 81
3          32, 73
4    43, 104, 110
5    63, 101, 105
6          22, 93
7     65, 66, 122
8     34, 85, 128
9     71, 72, 119
10         28, 68
11         30, 77
12         8, 103
13    79, 80, 100
14         7, 107
15          2, 89
16          4, 96
17         31, 50
18         23, 58
19    5, 116, 124
20          6, 83
21         18, 88
22    9, 106, 129
23    67, 69, 111
24         12, 84
25    59, 78, 120
26          1, 92
27         14, 91
28   10, 118, 121
29         19, 70
30         15, 87
31         20, 74
32   21, 113, 115
33   33, 108, 117
34    24, 94, 127
35         26, 53
36         25, 55
37         27, 57
38         29, 62
39          0, 97
40    39, 86, 123
41         35, 54
42    60, 95, 102
43         38, 76
44    51, 64, 126
45         49, 52
46         41, 56
47         16, 90
48         44, 45
49    3, 114, 125
50         40, 47
52         11, 75
53         36, 48
128        37, 46
129        17, 99

bin_pack_135_0.dat
              product
box                  
0        22, 104, 128
1              0, 110
2         72, 76, 112
3         73, 74, 116
4         4, 124, 132
5              2, 100
6         65, 66, 121
7             13, 101
8              26, 63
9        34, 102, 117
10        67, 70, 113
11        69, 77, 123
12        71, 81, 120
13        57, 75, 131
14        1, 126, 133
15              3, 79
16        55, 68, 129
17        5, 119, 130
18        8, 122, 127
19        60, 83, 114
20              7, 95
21   84, 88, 115, 125
22             11, 85
23             29, 86
24             30, 87
25             17, 82
26             12, 92
27        54, 89, 106
28             20, 96
29             52, 91
30             16, 93
31             14, 99
32             23, 94
33             19, 97
34             25, 58
35             18, 80
36             27, 61
37             28, 64
38             24, 90
39       15, 103, 134
40             35, 62
41       36, 109, 118
42              9, 98
43             32, 50
44             47, 56
45             42, 44
46            10, 105
47             37, 49
48             43, 45
49             39, 48
50             41, 59
51             40, 51
52       33, 108, 111
53             21, 78
54             38, 46
133            31, 53
134            6, 107

bin_pack_135_1.dat
          product
box              
0          16, 85
1    58, 109, 119
2          5, 113
3     61, 80, 124
4     70, 77, 110
5     64, 78, 127
6          10, 76
7     67, 69, 128
8     63, 71, 123
9           3, 84
11   31, 118, 133
12   14, 111, 129
13    60, 73, 120
14    62, 88, 121
15         0, 116
16   18, 126, 132
17         2, 101
18    65, 82, 112
19         59, 66
20         6, 106
21         7, 103
22         23, 90
23         4, 107
24         11, 95
25         49, 55
26    54, 75, 125
27         15, 98
28         17, 74
29         39, 57
30         21, 99
31   20, 104, 130
32         13, 86
33          1, 96
34         19, 83
35         22, 94
36   26, 117, 122
37   27, 100, 131
38          8, 91
39         28, 89
40         32, 53
41         40, 81
42    35, 93, 134
43   68, 102, 105
44         37, 48
45    79, 87, 115
46         42, 45
47         34, 52
48         25, 97
49         29, 72
50         38, 46
52         44, 50
53         30, 56
54         9, 108
55         12, 92
56         33, 51
59         41, 43
60         36, 47
134       24, 114

bin_pack_135_2.dat
          product
box              
0           1, 97
1     57, 85, 128
2    22, 111, 125
3    15, 114, 133
4     75, 82, 102
5     67, 68, 122
6     2, 120, 134
7     58, 76, 129
8          7, 113
9          6, 110
10         4, 109
11    65, 66, 126
12         13, 74
13         17, 81
14    59, 63, 131
15         14, 72
16         0, 107
17         54, 55
18         16, 73
19          3, 94
20          5, 96
21         27, 86
22    69, 71, 127
23         52, 80
24     79, 93, 98
25         12, 77
26          8, 89
27   46, 105, 117
28        10, 119
29   25, 112, 130
30         31, 87
32         21, 64
33         53, 60
34   42, 106, 118
35         24, 83
36   78, 100, 108
37         28, 84
38   19, 103, 132
39         38, 48
40          9, 91
41   30, 116, 124
42   35, 101, 123
43         33, 51
44         43, 44
45         26, 88
46         40, 47
48         18, 92
49         45, 56
50         41, 61
51         39, 49
52         37, 62
53         36, 50
54   29, 104, 121
55         20, 70
56         23, 90
57         34, 99
133       32, 115
134        11, 95

bin_pack_140_0.dat
               product
box                   
0          53, 85, 116
1              36, 100
2         38, 107, 119
3               19, 74
4               25, 66
5          67, 70, 123
6                3, 81
7          64, 72, 124
8         14, 125, 132
9          0, 126, 139
10          77, 90, 92
11         65, 73, 121
12              56, 63
13         68, 82, 122
14               1, 86
15              13, 98
16         4, 129, 137
17              57, 60
18              5, 127
19               6, 83
20               8, 84
21        29, 105, 134
22             10, 106
23              17, 87
24         89, 95, 104
25              11, 91
26              34, 75
27              23, 96
28              52, 59
29               7, 79
30              24, 69
31        30, 114, 120
32        21, 110, 136
33              22, 62
34              15, 99
35               9, 78
36              42, 51
37             28, 111
38              18, 80
39              39, 49
40             32, 108
41              16, 93
42              37, 61
43   76, 118, 128, 130
44        20, 102, 138
45        31, 112, 117
46        26, 101, 133
47              27, 97
48              33, 54
49              41, 47
50         2, 131, 135
51              45, 50
52              44, 58
53              40, 94
54        46, 113, 115
55              12, 88
58              35, 71
60              43, 48
138       55, 103, 109

bin_pack_140_1.dat
Fail

bin_pack_140_2.dat
          product
box              
0    74, 109, 115
1          48, 59
2     58, 78, 130
3     61, 63, 138
4         13, 111
..            ...
57        17, 103
58         15, 82
59             34
138        43, 47
139            24

[61 rows x 1 columns]

bin_pack_145_0.dat
               product
box                   
0               58, 59
1    62, 121, 132, 139
2               15, 80
3          67, 95, 124
4          64, 70, 142
..                 ...
58        23, 101, 144
59             29, 104
60              32, 57
143             40, 50
144              5, 85

[61 rows x 1 columns]

bin_pack_145_1.dat
          product
box              
0    89, 103, 115
1          26, 81
2          16, 97
3    18, 131, 133
4    21, 123, 132
..            ...
58         13, 87
59         37, 56
60        23, 120
143        42, 47
144       11, 109

[62 rows x 1 columns]

bin_pack_145_2.dat
          product
box              
0     58, 68, 143
1    61, 113, 131
2     80, 97, 140
3     65, 83, 135
4    36, 120, 139
..            ...
59          8, 85
60         32, 56
61         37, 54
143        39, 53
144        17, 93

[62 rows x 1 columns]

bin_pack_150_0.dat
               product
box                   
0               13, 86
1               38, 64
2    48, 140, 143, 146
3               42, 93
4               12, 92
..                 ...
58              51, 71
59         61, 83, 141
60        66, 104, 114
148             49, 50
149       28, 124, 125

[63 rows x 1 columns]

bin_pack_150_1.dat
               product
box                   
1    83, 132, 148, 149
2              32, 113
3              33, 111
4               43, 50
5               13, 90
..                 ...
85              46, 47
98             23, 122
105             61, 62
147             42, 51
148       89, 116, 117

[65 rows x 1 columns]

bin_pack_150_2.dat
          product
box              
0          26, 74
1    50, 124, 125
2    60, 104, 134
3     66, 92, 145
4          37, 86
..            ...
62        17, 115
63         43, 55
64             28
97   30, 114, 142
148            51

[66 rows x 1 columns]

bin_pack_20_0.dat
       product
box           
0    7, 15, 16
1        6, 10
2        0, 12
3            1
4    2, 18, 19
5    9, 13, 17
6         4, 8
7        5, 14
18       3, 11

bin_pack_20_1.dat
        product
box            
1    10, 11, 17
2         2, 15
3         0, 16
4     3, 18, 19
7         5, 14
8          8, 9
9         4, 13
18        1, 12
19         6, 7

bin_pack_20_2.dat
       product
box           
0         7, 8
1        2, 11
2        3, 13
3        1, 17
4    9, 12, 19
5    4, 16, 18
6        5, 14
18       0, 15
19       6, 10

bin_pack_25_0.dat
        product
box            
0         8, 11
1         3, 13
2         9, 12
3         0, 20
4         4, 15
5     2, 23, 24
6    10, 16, 21
7     6, 18, 22
8         5, 17
9         7, 14
23        1, 19

bin_pack_25_1.dat
            product
box                
0        10, 13, 24
2             2, 15
3             5, 14
4    17, 20, 21, 23
5             3, 22
6             4, 12
7             1, 16
8             6, 18
9             7, 11
23            0, 19
24             8, 9

bin_pack_25_2.dat
        product
box            
1         5, 12
2    11, 15, 24
3         0, 17
4    16, 18, 22
5         1, 19
6         4, 13
7         6, 10
8         3, 14
9          7, 9
23        2, 23
24    8, 20, 21

bin_pack_30_0.dat
        product
box            
0         5, 17
1    13, 19, 25
2    14, 15, 27
5         1, 21
6    10, 22, 24
7         8, 12
8         6, 20
9         3, 16
10        2, 23
11    9, 18, 29
12        0, 26
28        4, 28
29        7, 11

bin_pack_30_1.dat
        product
box            
0         8, 14
1    13, 15, 28
2     3, 25, 29
3    12, 18, 27
4         0, 24
5         2, 22
6         4, 19
7    11, 20, 26
8         6, 21
9         7, 16
12        1, 23
13        5, 17
28        9, 10

bin_pack_30_2.dat
        product
box            
0         8, 16
1         7, 14
2    13, 18, 28
3         0, 20
4         5, 22
5     9, 21, 27
6         2, 19
7         4, 15
8     6, 26, 29
9        11, 12
10        3, 17
28   10, 23, 25
29        1, 24

bin_pack_35_0.dat
        product
box            
0         9, 17
1    16, 18, 34
2     7, 28, 30
3         1, 27
4    15, 24, 31
5         3, 19
6         2, 21
7         4, 25
8         5, 22
9     6, 26, 33
10        8, 20
11   10, 29, 32
12       11, 14
33        0, 23
34       12, 13

bin_pack_35_1.dat
        product
box            
0     1, 32, 33
1        10, 12
2         4, 20
4         3, 26
5        13, 15
6         0, 23
7    16, 22, 30
8         5, 18
9         6, 25
10       14, 19
11    9, 24, 34
12        7, 17
13   11, 27, 29
33        2, 21
34    8, 28, 31

bin_pack_35_2.dat
            product
box                
0         7, 29, 31
1             5, 25
2    17, 28, 33, 34
3             2, 22
4             0, 30
5             1, 23
6        13, 21, 32
7             4, 20
8             8, 18
9             6, 19
10            3, 24
11       16, 26, 27
12           10, 15
13           11, 12
33            9, 14

bin_pack_40_0.dat
        product
box            
0         3, 30
1    17, 24, 32
2    18, 19, 39
3     0, 37, 38
4    16, 22, 36
5         1, 23
6         7, 27
7    20, 21, 33
8            10
9         6, 29
10    9, 31, 34
11        8, 25
12       14, 15
14       12, 13
15       11, 28
16        5, 35
38            2
39        4, 26

bin_pack_40_1.dat
        product
box            
0    10, 34, 35
1         6, 29
3    21, 22, 37
4         9, 16
5         1, 31
6    14, 26, 36
7         2, 25
8         3, 27
9        12, 13
10        7, 20
11    8, 30, 39
12        5, 24
13   17, 19, 38
15       15, 18
16        0, 28
38   11, 32, 33
39        4, 23

bin_pack_40_2.dat
        product
box            
0         1, 29
1    17, 19, 39
2        10, 26
3         4, 21
4         5, 24
5         0, 28
6         2, 31
7        16, 18
8         3, 25
9         6, 20
10       12, 14
11   11, 27, 38
12    9, 30, 36
13    8, 33, 35
14    7, 32, 37
15       13, 15
38   22, 23, 34

bin_pack_45_0.dat
        product
box            
0        16, 23
1         0, 37
2         3, 29
3    21, 22, 42
4    19, 24, 43
5         7, 26
6         6, 27
7         2, 38
8         5, 28
9         4, 25
10    8, 36, 39
11       17, 18
12   12, 32, 40
13       10, 20
14   11, 33, 41
15    9, 30, 44
16   14, 34, 35
43        1, 31
44       13, 15

bin_pack_45_1.dat
Fail

bin_pack_45_2.dat
Fail

bin_pack_50_0.dat
            product
box                
0         7, 42, 44
1        18, 26, 48
2            11, 21
3        23, 24, 47
4             5, 34
5             0, 32
6        19, 27, 46
7             1, 33
8             4, 39
9             3, 28
10            2, 31
11        9, 41, 43
12       22, 29, 40
13            8, 35
14           12, 37
15   25, 36, 45, 49
17           10, 20
18           15, 16
19            6, 38
20           13, 30
49           14, 17

bin_pack_50_1.dat
Fail

bin_pack_50_2.dat
Fail

bin_pack_55_0.dat
            product
box                
0        21, 42, 43
1            15, 23
2        24, 25, 54
3        26, 27, 49
4             2, 32
5    30, 44, 46, 50
6         0, 51, 53
7             7, 39
8             1, 38
9             3, 35
10            5, 36
11        6, 45, 52
12            8, 31
13           12, 22
14            4, 34
15           11, 28
16       16, 40, 48
17           10, 37
18       14, 41, 47
19           13, 20
20           17, 18
53            9, 33
54           19, 29

bin_pack_55_1.dat
Fail

bin_pack_55_2.dat
Fail

bin_pack_60_0.dat
        product
box            
0    19, 37, 57
1         1, 55
2     3, 52, 58
3    17, 46, 50
4    14, 49, 51
5    12, 45, 56
6    29, 35, 53
7         0, 42
8         2, 43
9         4, 34
10   25, 27, 59
11        5, 39
12       13, 23
13        7, 40
14        6, 41
15       11, 26
16       10, 28
17        8, 36
18   15, 44, 54
19       16, 31
20        9, 32
21   24, 38, 47
22       20, 21
28       18, 22
59   30, 33, 48

bin_pack_60_1.dat
        product
box            
0        14, 27
1    26, 29, 59
2    35, 42, 46
3    28, 53, 56
4    30, 34, 55
5    21, 44, 52
6        13, 33
7         1, 51
8         2, 40
9         3, 39
10   24, 31, 57
11        5, 43
12        6, 48
13    9, 50, 54
14        0, 45
15   11, 47, 58
16        8, 41
18        4, 37
19       16, 32
20       17, 25
21       18, 19
22       12, 36
23       20, 22
24       10, 49
58       15, 23
59        7, 38

bin_pack_60_2.dat
        product
box            
0        11, 34
1         5, 46
2    15, 41, 59
3         4, 44
4    29, 31, 55
5         7, 33
6    35, 36, 52
7         6, 38
8        25, 27
9         1, 56
10    2, 54, 57
11        3, 43
12       22, 26
13        8, 32
14       18, 21
15   24, 42, 51
16       14, 23
17       13, 28
18        0, 49
19       16, 30
20    9, 47, 58
21       19, 20
22   12, 50, 53
23   37, 39, 45
28       17, 40
59       10, 48

bin_pack_65_0.dat
            product
box                
0        17, 44, 63
1            13, 27
2             0, 58
3        31, 32, 62
4        29, 33, 61
5        36, 46, 48
6    37, 38, 60, 64
7             1, 49
8             2, 55
9             5, 51
10           25, 28
11            4, 50
12            7, 41
13            8, 39
14       35, 43, 57
15       10, 54, 59
16       11, 53, 56
17           12, 30
18            6, 47
19           18, 24
20           23, 34
21           15, 26
22            9, 52
26            3, 42
27           14, 40
28           19, 22
63           20, 21
64           16, 45

bin_pack_65_1.dat
Fail

bin_pack_65_2.dat
        product
box            
0    33, 43, 52
1        29, 39
2        27, 37
3    31, 32, 60
4    28, 40, 59
5    25, 35, 64
6         4, 56
7         7, 54
8        13, 30
9         1, 57
10        0, 46
11        2, 49
12   14, 47, 61
13        5, 42
14        3, 41
15   34, 36, 63
16        9, 48
17       12, 45
18        6, 53
19       18, 23
20       17, 44
21           11
22       19, 26
23       20, 38
24       21, 22
25    8, 55, 62
26       10, 50
27   15, 51, 58
63       16, 24

bin_pack_70_0.dat
        product
box            
0    11, 56, 65
1    19, 46, 68
2    24, 41, 63
3     3, 64, 66
4        13, 30
5    31, 38, 61
6    45, 51, 52
7         9, 55
8         1, 53
9         0, 49
10   29, 36, 67
11   21, 40, 69
12        5, 48
13        6, 39
14        2, 50
15   33, 34, 62
16       10, 42
17       12, 35
18   27, 47, 59
19       18, 25
20       17, 26
21   16, 54, 60
22        7, 37
23       20, 32
24       14, 28
26   15, 57, 58
28        8, 43
68       22, 23
69        4, 44

bin_pack_70_1.dat
Fail

bin_pack_70_2.dat
Fail

bin_pack_75_0.dat
        product
box            
0    11, 68, 73
1    35, 37, 74
2    34, 58, 66
3    33, 36, 69
4         2, 56
5         1, 71
6         4, 42
7    38, 44, 64
8    40, 41, 72
9         0, 55
10        7, 49
11       28, 32
12        5, 43
13       16, 46
14        8, 45
15   29, 47, 65
16       13, 50
17       10, 39
18       27, 31
19       12, 51
20        3, 52
21   15, 54, 70
22       18, 30
23   19, 57, 63
24        6, 48
25       22, 25
26       23, 24
27        9, 53
29   14, 61, 67
30   20, 59, 62
31       17, 60
32       21, 26

bin_pack_75_1.dat
            product
box                
0            30, 31
1    37, 61, 69, 74
2        20, 65, 68
3        46, 50, 66
4            23, 48
5            26, 34
6        44, 45, 53
7        43, 47, 52
8         0, 67, 72
9             1, 64
10        2, 70, 71
11            3, 62
12           13, 41
13            8, 51
14            7, 49
15            9, 40
16            6, 60
17           16, 42
18       28, 54, 63
19            5, 56
20           14, 58
21            4, 59
22           18, 39
23           17, 35
24               15
25       32, 36, 73
26           10, 55
27           24, 27
28           21, 33
29           11, 57
30           12, 38
31           19, 29
73           22, 25

bin_pack_75_2.dat
Fail

bin_pack_80_0.dat
            product
box                
0        33, 50, 66
1        19, 62, 67
2    35, 68, 71, 75
3            15, 37
4        38, 39, 73
5            12, 41
6             8, 42
7        36, 64, 70
8             0, 47
9        32, 44, 79
10            3, 48
11       34, 40, 76
12           14, 55
13       26, 45, 77
14            1, 61
15            4, 56
16            6, 49
17            2, 63
18       11, 69, 74
19           21, 43
20       31, 60, 72
21            5, 57
22           16, 53
23       17, 52, 78
24            7, 58
25           22, 30
26           10, 59
27           18, 54
28           23, 46
29           25, 27
30           20, 29
31           13, 51
32           24, 28
79            9, 65

bin_pack_80_1.dat
        product
box            
0        18, 53
1    35, 38, 75
2        37, 43
3    39, 40, 74
4    36, 41, 73
5        22, 31
6        11, 45
7    33, 48, 77
8    44, 46, 65
9         1, 54
10    0, 71, 78
11        2, 61
12        4, 62
13        7, 56
14        5, 68
15    8, 66, 76
16   17, 55, 79
17       10, 49
18    9, 70, 72
19        6, 58
20       12, 42
21       21, 29
22   47, 60, 69
23       19, 59
24       28, 32
25       15, 50
26       23, 34
27       14, 51
28       26, 27
29       20, 30
33        3, 67
34       16, 52
35       24, 64
78       25, 57
79       13, 63

bin_pack_80_2.dat
Fail

bin_pack_85_0.dat
        product
box            
0    44, 48, 69
1     1, 77, 82
2        35, 47
3        15, 38
4    24, 60, 80
5    43, 45, 72
6    41, 46, 73
7    14, 74, 76
8         8, 56
9        17, 36
10   32, 67, 75
11        2, 55
12        0, 53
13       11, 52
14    6, 71, 83
15        3, 54
16       10, 49
17       33, 34
18        9, 51
19       19, 42
20    7, 78, 79
21   39, 58, 59
22       16, 61
23        4, 63
24   13, 66, 84
25        5, 64
26       20, 31
27       25, 30
28   37, 40, 81
29       22, 65
30       26, 27
31       28, 29
32   21, 68, 70
33       23, 50
83       18, 62
84       12, 57

bin_pack_85_1.dat
            product
box                
0        12, 72, 82
1            35, 37
2        38, 48, 79
3    61, 65, 69, 80
4        39, 62, 78
5            14, 44
6             9, 64
7            29, 30
8             6, 54
9        28, 47, 81
10            1, 68
11            3, 59
12            5, 53
13            7, 66
14       36, 49, 77
15            2, 70
16           25, 46
17            0, 56
18           17, 67
19           13, 42
20       41, 50, 73
21           24, 31
22           22, 51
23           11, 63
24   52, 55, 76, 83
25           20, 57
26           15, 45
27        4, 75, 84
28           10, 60
29           26, 27
30           16, 40
31            8, 74
32           18, 58
33           32, 34
34           19, 43
35           23, 33
83           21, 71

bin_pack_85_2.dat
Fail

bin_pack_90_0.dat
            product
box                
0    52, 59, 78, 88
1        16, 82, 84
2            38, 42
3            29, 44
4        43, 50, 73
5             2, 81
6        46, 58, 80
7        37, 69, 83
8        49, 55, 77
9             0, 53
10       40, 41, 87
11           10, 56
12            3, 64
13            4, 54
14           12, 71
15            6, 75
16        8, 72, 89
17       36, 48, 85
18           17, 61
19            1, 57
20            5, 60
21            9, 65
22           11, 66
23       15, 76, 79
24       22, 63, 86
25           19, 67
26           25, 39
27            7, 70
28           18, 51
29           24, 32
30           21, 35
31           26, 30
32           28, 34
33           27, 31
34           23, 45
37           14, 68
38           13, 62
88           20, 74
89           33, 47

bin_pack_90_1.dat
        product
box            
0        26, 31
1        20, 55
2    42, 46, 87
3    43, 74, 78
4    50, 53, 81
6    48, 49, 79
9         0, 58
10       28, 34
11   41, 47, 88
12        2, 75
13        3, 62
14       13, 52
15        5, 61
16        8, 72
17   44, 60, 83
18        9, 65
19   12, 77, 82
20       11, 63
21       24, 32
22   18, 64, 89
23        6, 68
24       17, 56
25        7, 51
26    1, 84, 86
27       22, 36
28       10, 69
29       25, 30
30       27, 37
31   29, 71, 76
32        4, 66
34       33, 54
37   40, 67, 80
38       16, 57
40       21, 39
41       14, 59
54   38, 45, 85
55       15, 70
88       23, 35
89       19, 73

bin_pack_90_2.dat
            product
box                
0            21, 59
1        39, 47, 89
2        41, 56, 81
3        42, 43, 88
4        44, 45, 83
5        24, 73, 86
6    51, 68, 84, 85
7        48, 49, 75
8            14, 54
9             0, 72
10            2, 71
11            1, 60
12       36, 52, 82
13            3, 55
14            5, 53
15           12, 61
16            4, 62
17            7, 70
18           28, 33
19           11, 65
20           13, 57
21            8, 69
22            6, 58
23           16, 50
24           18, 67
25           19, 63
26       22, 78, 79
27           27, 37
28           25, 40
29           26, 46
30           17, 66
31           23, 34
32           29, 30
33           31, 32
35       38, 74, 80
36           10, 64
37       15, 76, 87
88           20, 35
89            9, 77

bin_pack_95_0.dat
            product
box                
0    72, 74, 82, 86
1        48, 60, 65
2        42, 54, 83
3        41, 43, 93
4        44, 57, 88
5             6, 58
6        38, 46, 92
7    51, 77, 80, 87
8        37, 85, 90
9             3, 55
10            0, 79
11       36, 52, 89
12            1, 56
13           14, 45
14            4, 53
15            5, 81
16            2, 61
17            7, 59
18           12, 70
19           11, 47
20           10, 49
21           13, 63
22            8, 64
23           21, 50
24       18, 71, 91
25            9, 68
26           16, 76
27       22, 78, 84
28       15, 66, 94
29           23, 75
30           24, 35
31           25, 34
32           31, 62
33           29, 30
34           27, 40
35           32, 39
37           17, 67
38           19, 73
41           28, 33
93               26
94           20, 69

bin_pack_95_1.dat
Fail

bin_pack_95_2.dat
            product
box                
0        11, 82, 92
1        40, 42, 94
2        44, 47, 93
3        13, 80, 91
4         1, 87, 90
5        48, 49, 89
6    59, 77, 78, 88
7        55, 68, 72
8        52, 58, 86
9            14, 50
10           17, 51
11       57, 63, 73
12            2, 62
13            4, 60
14            5, 75
15            7, 70
16            0, 64
17            8, 56
18            6, 71
19            9, 54
20           10, 67
21           28, 41
22           21, 43
23           16, 46
24           38, 53
25            3, 65
26           18, 66
27           22, 39
28       23, 81, 85
29           32, 84
30               19
31           27, 36
32           29, 33
33       31, 74, 83
34       26, 76, 79
35           30, 34
36           15, 61
37           20, 45
38           12, 69
93           25, 35
94           24, 37

