bin_pack_100_0.dat
Time of solving: 10.00
Fail

bin_pack_100_1.dat
Time of solving: 10.00
Obj: 41
Details: [[100, 50], [100, 50], [99, 51], [99, 49], [98, 52], [97, 53], [96, 53], [95, 55], [95, 55], [94, 56], [92, 58], [92, 57], [91, 59], [90, 60], [89, 61], [88, 62], [88, 62], [87, 63], [86, 64], [85, 65], [84, 66], [84, 60], [83, 67], [82, 67], [82, 56], [81, 69], [80, 70], [79, 71], [78, 72], [77, 73], [76, 72], [75, 70], [69, 53, 27], [48, 48, 47], [46, 45, 44], [44, 43, 42, 21], [42, 41, 40, 27], [39, 38, 37, 36], [37, 34, 34, 33], [32, 31, 30, 29, 26], [25, 24, 23, 22, 21, 20]]

bin_pack_100_2.dat
Time of solving: 10.00
Obj: 41
Details: [[100, 50], [99, 51], [99, 49], [98, 52], [97, 52], [97, 52], [95, 55], [94, 56], [92, 58], [92, 58], [91, 59], [91, 57], [90, 60], [90, 60], [89, 61], [89, 57], [88, 62], [87, 63], [86, 64], [85, 65], [84, 66], [83, 67], [82, 68], [82, 66], [81, 69], [80, 70], [79, 71], [79, 65], [78, 62], [78, 54], [77, 73], [76, 74], [75, 54, 21], [75, 49, 26], [46, 46, 45], [45, 43, 42, 20], [41, 40, 40, 29], [39, 38, 38, 35], [37, 37, 36, 34], [33, 32, 31, 30, 24], [28, 28, 27, 23, 22, 22]]

bin_pack_105_0.dat
Time of solving: 10.00
Fail

bin_pack_105_1.dat
Time of solving: 10.00
Obj: 43
Details: [[100, 50], [100, 50], [99, 51], [99, 49], [98, 52], [97, 53], [97, 53], [96, 54], [95, 55], [94, 56], [92, 58], [92, 58], [91, 59], [91, 57], [90, 60], [89, 61], [88, 62], [88, 62], [87, 60], [86, 64], [85, 65], [84, 66], [84, 64], [83, 67], [82, 67], [82, 55], [81, 69], [80, 70], [79, 71], [78, 72], [78, 72], [77, 73], [75, 74], [69, 53, 28], [69, 48, 33], [48, 47, 46], [45, 44, 44], [43, 43, 42, 22], [41, 41, 40, 27], [39, 37, 37, 37], [36, 34, 34, 32], [32, 31, 30, 27, 26], [25, 24, 23, 21, 21, 20]]

bin_pack_105_2.dat
Time of solving: 10.01
Obj: 44
Details: [[100, 50], [99, 51], [99, 50], [98, 52], [97, 52], [97, 52], [96, 54], [94, 56], [93, 57], [92, 58], [92, 58], [91, 59], [91, 59], [90, 60], [90, 57], [89, 61], [88, 62], [88, 62], [87, 63], [86, 64], [85, 65], [84, 66], [83, 67], [82, 68], [82, 66], [81, 69], [80, 69], [79, 71], [79, 65], [78, 72], [78, 63], [77, 55], [76, 74], [76, 74], [75, 54, 21], [49, 48, 46], [45, 45, 38, 22], [44, 43, 42, 20], [41, 40, 40, 29], [39, 38, 37, 36], [37, 35, 34, 22], [34, 33, 32, 27, 24], [30, 30, 28], [26, 26, 23]]

bin_pack_110_0.dat
Time of solving: 10.01
Fail

bin_pack_110_1.dat
Time of solving: 10.00
Obj: 45
Details: [[100, 50], [100, 50], [99, 51], [99, 49], [98, 52], [97, 53], [97, 53], [96, 54], [95, 55], [95, 55], [94, 56], [92, 58], [92, 57], [91, 59], [91, 57], [89, 61], [89, 61], [88, 62], [88, 60], [87, 63], [86, 64], [85, 65], [84, 66], [84, 64], [83, 67], [82, 67], [82, 60], [81, 69], [81, 69], [80, 70], [79, 71], [78, 72], [77, 73], [76, 74], [75, 71], [69, 53, 27], [48, 48, 47], [47, 45, 45], [44, 43, 42, 21], [44, 42, 41, 23], [40, 40, 39, 31], [37, 37, 37, 36], [35, 34, 34, 32], [32, 30, 29, 27, 26], [25, 24, 24, 22, 21, 20]]

bin_pack_110_2.dat
Time of solving: 10.00
Obj: 45
Details: [[100, 50], [99, 51], [99, 50], [98, 52], [98, 52], [97, 52], [96, 54], [95, 55], [94, 56], [92, 58], [92, 57], [91, 59], [91, 59], [90, 60], [90, 60], [90, 57], [89, 61], [88, 62], [88, 62], [87, 63], [86, 64], [85, 65], [84, 66], [83, 67], [82, 68], [82, 66], [81, 69], [80, 69], [79, 71], [79, 65], [78, 72], [78, 64], [78, 57], [77, 73], [76, 74], [75, 75], [54, 49, 46], [48, 45, 45], [45, 44, 41, 20], [43, 41, 40, 26], [40, 39, 38, 33], [38, 37, 37, 36], [35, 35, 34, 24, 22], [32, 31, 30, 29, 28], [28, 27, 26, 23, 21, 21]]

bin_pack_115_0.dat
Time of solving: 10.00
Fail

bin_pack_115_1.dat
Time of solving: 10.00
Obj: 47
Details: [[100, 50], [100, 50], [100, 49], [99, 51], [98, 52], [98, 48], [97, 53], [96, 54], [95, 55], [95, 55], [94, 56], [92, 58], [92, 57], [91, 59], [91, 59], [90, 60], [89, 61], [89, 60], [88, 62], [88, 62], [87, 63], [86, 64], [85, 65], [84, 66], [84, 65], [83, 67], [82, 67], [82, 56], [81, 69], [81, 69], [80, 70], [79, 71], [78, 72], [78, 72], [77, 73], [75, 75], [70, 69], [53, 53, 44], [48, 48, 47], [46, 45, 44], [44, 43, 42, 21], [42, 41, 40, 27], [40, 39, 37, 34], [37, 37, 36, 35], [34, 32, 32, 31, 20], [31, 29, 28, 27, 26], [25, 24, 23, 23, 22, 20]]

bin_pack_115_2.dat
Time of solving: 10.00
Obj: 47
Details: [[100, 50], [99, 51], [99, 51], [98, 52], [98, 52], [97, 52], [97, 49], [95, 54], [94, 56], [93, 57], [92, 58], [92, 58], [91, 59], [91, 59], [90, 60], [90, 57], [89, 61], [89, 61], [88, 62], [88, 62], [87, 63], [86, 64], [85, 65], [84, 66], [83, 67], [82, 68], [82, 66], [81, 69], [80, 70], [79, 69], [79, 65], [79, 64], [78, 72], [78, 56], [77, 73], [76, 74], [76, 74], [75, 54, 21], [54, 49, 47], [46, 45, 45], [44, 43, 42, 21], [41, 40, 40, 29], [39, 39, 38, 34], [38, 37, 37, 36], [35, 35, 33, 27, 20], [32, 31, 30, 29, 28], [27, 26, 25, 23, 23, 22]]

bin_pack_120_0.dat
Time of solving: 10.01
Fail

bin_pack_120_1.dat
Time of solving: 10.00
Obj: 49
Details: [[100, 50], [100, 50], [100, 49], [99, 51], [98, 52], [98, 51], [97, 53], [97, 53], [96, 54], [95, 55], [94, 56], [94, 56], [92, 58], [92, 57], [91, 59], [91, 57], [90, 60], [89, 61], [88, 62], [88, 62], [87, 63], [87, 60], [86, 64], [85, 65], [84, 66], [84, 66], [83, 67], [83, 67], [82, 60], [82, 55], [81, 69], [80, 70], [79, 71], [78, 72], [78, 72], [77, 73], [76, 74], [75, 70], [69, 69], [53, 48, 48], [47, 46, 45], [45, 44, 44], [43, 43, 42, 21], [42, 41, 40, 27], [40, 39, 37, 34], [37, 37, 36, 20, 20], [35, 34, 32, 26, 23], [32, 32, 31, 30, 25], [29, 27, 26, 24, 23, 21]]

bin_pack_120_2.dat
Time of solving: 10.00
Fail

bin_pack_125_0.dat
Time of solving: 10.02
Fail

bin_pack_125_1.dat
Time of solving: 10.00
Obj: 51
Details: [[100, 50], [100, 50], [100, 49], [99, 51], [98, 52], [98, 51], [97, 53], [97, 53], [96, 54], [95, 55], [95, 55], [94, 56], [92, 58], [92, 57], [91, 59], [91, 59], [90, 60], [89, 61], [89, 61], [88, 62], [88, 62], [87, 63], [87, 60], [86, 64], [85, 65], [84, 66], [84, 66], [83, 67], [83, 67], [82, 68], [82, 57], [81, 69], [80, 70], [79, 71], [79, 71], [78, 72], [77, 73], [76, 72], [75, 75], [70, 69], [55, 53, 42], [48, 48, 47], [47, 46, 45], [44, 44, 44], [43, 42, 41, 24], [41, 40, 39, 30], [38, 37, 37, 37], [36, 35, 34, 34], [33, 32, 32, 31, 22], [29, 27, 27, 27, 20, 20], [26, 25, 24, 23, 21, 21]]

bin_pack_125_2.dat
Time of solving: 10.00
Obj: 51
Details: [[100, 50], [99, 51], [99, 51], [98, 52], [98, 52], [97, 52], [97, 50], [96, 54], [94, 56], [94, 55], [92, 58], [92, 58], [91, 59], [91, 59], [91, 57], [90, 60], [90, 60], [90, 57], [89, 61], [88, 62], [88, 62], [87, 63], [86, 64], [86, 63], [84, 66], [84, 66], [83, 67], [82, 67], [82, 66], [81, 69], [81, 69], [80, 70], [79, 71], [79, 65], [78, 72], [78, 65], [78, 57], [77, 73], [76, 74], [76, 54, 20], [75, 75], [54, 49, 46], [48, 46, 45], [45, 44, 40, 21], [43, 42, 41, 24], [41, 40, 39, 30], [38, 38, 37, 37], [37, 36, 35, 35], [34, 33, 33, 29, 21], [32, 31, 28, 28, 27], [27, 26, 26, 23, 22, 22]]

bin_pack_130_0.dat
Time of solving: 10.01
Fail

bin_pack_130_1.dat
Time of solving: 10.00
Obj: 53
Details: [[100, 50], [100, 50], [100, 49], [99, 51], [99, 48], [98, 52], [97, 53], [97, 53], [96, 54], [95, 55], [95, 55], [94, 56], [93, 57], [92, 58], [92, 58], [91, 59], [91, 56], [90, 60], [89, 61], [89, 60], [88, 62], [88, 62], [87, 63], [87, 60], [86, 64], [85, 65], [84, 66], [84, 66], [83, 67], [83, 67], [82, 68], [82, 64], [81, 69], [81, 69], [80, 70], [79, 71], [78, 72], [78, 72], [77, 73], [76, 74], [75, 71], [70, 55, 25], [53, 52, 45], [48, 48, 47], [46, 45, 44], [44, 43, 43, 20], [42, 42, 41, 24], [41, 40, 39, 30], [38, 37, 37, 37], [36, 35, 34, 34], [33, 32, 32, 31, 22], [31, 28, 27, 27, 27], [26, 23, 23, 21, 21, 20]]

bin_pack_130_2.dat
Time of solving: 10.01
Fail

bin_pack_135_0.dat
Time of solving: 10.01
Fail

bin_pack_135_1.dat
Time of solving: 10.01
Obj: 55
Details: [[100, 50], [100, 50], [100, 49], [99, 51], [99, 48], [98, 52], [97, 53], [97, 53], [97, 53], [96, 54], [95, 55], [95, 55], [94, 56], [92, 58], [92, 57], [92, 57], [91, 59], [91, 56], [90, 60], [89, 61], [88, 62], [88, 62], [88, 61], [87, 63], [87, 60], [86, 64], [85, 65], [84, 66], [84, 66], [83, 67], [83, 67], [82, 68], [82, 64], [81, 69], [81, 69], [80, 70], [79, 71], [78, 72], [78, 72], [77, 73], [76, 74], [75, 75], [71, 69], [60, 54, 36], [52, 48, 48], [47, 47, 46], [45, 45, 44], [44, 43, 43, 20], [42, 42, 41, 25], [40, 40, 39, 31], [38, 37, 37, 37], [35, 34, 34, 34], [32, 32, 32, 30, 24], [29, 27, 27, 26, 21, 20], [27, 26, 23, 23, 22, 21]]

bin_pack_135_2.dat
Time of solving: 10.00
Fail

bin_pack_140_0.dat
Time of solving: 10.01
Fail

bin_pack_140_1.dat
Time of solving: 10.00
Obj: 58
Details: [[100, 50], [100, 50], [100, 49], [99, 51], [99, 49], [98, 52], [98, 52], [97, 53], [97, 53], [96, 54], [95, 55], [95, 55], [94, 56], [93, 57], [92, 58], [92, 58], [91, 59], [91, 57], [90, 60], [90, 60], [89, 61], [88, 62], [88, 62], [88, 61], [87, 63], [87, 60], [86, 64], [85, 65], [84, 66], [84, 66], [83, 67], [83, 67], [82, 68], [82, 65], [81, 69], [81, 69], [80, 70], [79, 71], [79, 70], [78, 72], [78, 72], [77, 73], [76, 74], [75, 72], [69, 56, 24], [54, 53, 43], [48, 48, 47], [47, 46, 45], [45, 44, 44], [44, 43, 42, 21], [42, 41, 40, 27], [40, 39, 38, 33], [37, 37, 37, 36], [36, 34, 34, 34], [32, 32, 31, 31, 23], [30, 28, 27, 27, 20], [26, 25, 24], [23, 22, 21, 20]]

bin_pack_140_2.dat
Time of solving: 10.00
Fail

bin_pack_145_0.dat
Time of solving: 10.01
Fail

bin_pack_145_1.dat
Time of solving: 10.00
Obj: 60
Details: [[100, 50], [100, 50], [100, 50], [99, 51], [99, 49], [98, 52], [98, 52], [97, 53], [97, 53], [96, 54], [95, 55], [95, 55], [94, 56], [94, 56], [92, 58], [92, 57], [92, 57], [91, 59], [91, 57], [90, 60], [89, 61], [89, 60], [88, 62], [88, 62], [88, 60], [87, 63], [87, 63], [85, 65], [85, 65], [84, 66], [84, 66], [84, 64], [83, 67], [82, 68], [82, 67], [82, 60], [81, 69], [81, 69], [80, 70], [79, 71], [78, 72], [78, 72], [77, 73], [76, 74], [75, 75], [71, 70], [69, 54, 27], [53, 48, 48], [48, 47, 46], [46, 45, 45], [44, 44, 43], [43, 42, 42, 23], [41, 41, 40, 27], [40, 39, 38, 33], [37, 37, 37, 20], [36, 36, 35, 22, 21], [34, 34, 32, 30, 20], [32, 31, 31, 29, 27], [26, 26, 23], [25, 24, 24, 21]]

bin_pack_145_2.dat
Time of solving: 10.01
Fail

bin_pack_150_0.dat
Time of solving: 10.00
Fail

bin_pack_150_1.dat
Time of solving: 10.01
Obj: 62
Details: [[100, 50], [100, 50], [100, 50], [99, 51], [99, 49], [98, 52], [98, 52], [97, 53], [97, 53], [96, 54], [96, 53], [95, 55], [95, 55], [94, 56], [93, 57], [92, 58], [92, 57], [91, 59], [91, 59], [91, 56], [90, 60], [89, 61], [89, 61], [88, 62], [88, 62], [87, 63], [87, 60], [86, 64], [85, 65], [85, 65], [84, 66], [84, 66], [84, 64], [83, 67], [82, 68], [82, 67], [82, 60], [81, 69], [81, 69], [80, 70], [79, 71], [79, 71], [78, 72], [78, 72], [77, 73], [76, 73], [75, 75], [70, 69], [55, 53, 42], [48, 48, 48], [47, 47, 46], [45, 45, 44], [44, 44, 42, 20], [43, 43, 41, 23], [41, 40, 40, 29], [39, 38, 37, 36], [37, 37, 36, 35], [34, 34, 33, 28, 21], [32, 32, 32, 31, 23], [30, 27, 27, 27, 20], [26, 25, 24], [25, 22, 21, 21]]

bin_pack_150_2.dat
Time of solving: 10.01
Fail

bin_pack_20_0.dat
Time of solving: 10.00
Obj: 9
Details: [[100, 49], [97, 46], [92, 55], [88, 59], [83, 67], [80, 64], [76, 71], [42, 39, 35, 32], [28, 24]]

bin_pack_20_1.dat
Time of solving: 10.01
Obj: 9
Details: [[100, 49], [97, 53], [92, 56], [88, 60], [84, 63], [81, 67], [76, 71], [45, 42, 37], [33, 27, 23]]

bin_pack_20_2.dat
Time of solving: 10.00
Obj: 9
Details: [[100, 50], [97, 45], [91, 57], [89, 60], [84, 64], [80, 67], [77, 73], [54, 40, 37], [33, 28, 23]]

bin_pack_25_0.dat
Time of solving: 10.01
Obj: 11
Details: [[100, 49], [97, 53], [95, 46], [90, 60], [86, 64], [83, 67], [80, 70], [78, 57], [74, 43, 32], [41, 38, 35, 29], [26, 23]]

bin_pack_25_1.dat
Time of solving: 10.00
Obj: 11
Details: [[100, 50], [98, 47], [95, 55], [91, 58], [88, 61], [84, 64], [82, 67], [78, 70], [73, 53], [44, 41, 37, 26], [34, 30, 22]]

bin_pack_25_2.dat
Time of solving: 10.01
Obj: 11
Details: [[100, 46], [97, 51], [92, 57], [90, 59], [88, 62], [84, 65], [81, 67], [78, 71], [75, 54], [43, 40, 37, 30], [34, 27, 22]]

bin_pack_30_0.dat
Time of solving: 10.01
Obj: 13
Details: [[100, 49], [98, 46], [96, 53], [92, 57], [90, 59], [85, 65], [83, 67], [80, 70], [79, 62], [76, 73], [45, 42, 40], [38, 35, 33, 30], [28, 25, 23]]

bin_pack_30_1.dat
Time of solving: 10.00
Obj: 13
Details: [[100, 50], [98, 48], [96, 53], [92, 57], [90, 60], [87, 62], [84, 65], [82, 67], [79, 70], [76, 72], [55, 45, 43], [40, 37, 34, 32], [27, 25, 21]]

bin_pack_30_2.dat
Time of solving: 10.00
Obj: 13
Details: [[100, 49], [98, 51], [94, 56], [91, 58], [90, 60], [87, 63], [84, 65], [81, 67], [79, 70], [77, 54], [74, 45, 28], [42, 39, 37, 32], [35, 26, 22]]

bin_pack_35_0.dat
Time of solving: 10.01
Obj: 15
Details: [[100, 49], [98, 47], [96, 53], [94, 55], [91, 58], [88, 62], [85, 65], [83, 67], [81, 60], [79, 70], [78, 72], [74, 45, 31], [43, 42, 39, 25], [37, 35, 33, 29], [27, 23]]

bin_pack_35_1.dat
Time of solving: 10.00
Obj: 15
Details: [[100, 50], [99, 48], [97, 53], [94, 56], [91, 58], [89, 60], [87, 62], [84, 65], [82, 67], [80, 69], [78, 72], [74, 54, 21], [46, 44, 42], [40, 37, 34, 32], [30, 27, 24]]

bin_pack_35_2.dat
Time of solving: 10.01
Obj: 15
Details: [[100, 50], [98, 52], [96, 54], [92, 58], [91, 59], [89, 56], [87, 63], [84, 65], [82, 67], [79, 69], [78, 62], [76, 74], [46, 44, 41], [39, 37, 35, 33], [30, 27, 24, 22]]

bin_pack_40_0.dat
Time of solving: 10.01
Obj: 17
Details: [[100, 49], [98, 52], [97, 47], [95, 55], [92, 57], [90, 59], [88, 61], [84, 66], [83, 67], [81, 64], [80, 70], [78, 71], [76, 73], [46, 44, 42], [41, 39, 37, 32], [35, 34, 30, 28, 22], [26, 24]]

bin_pack_40_1.dat
Time of solving: 10.01
Obj: 17
Details: [[100, 49], [99, 51], [97, 53], [95, 54], [92, 57], [91, 56], [88, 61], [87, 63], [84, 66], [83, 67], [81, 69], [78, 71], [76, 73], [60, 47, 43], [45, 42, 40, 23], [37, 35, 33, 31], [27, 26, 21]]

bin_pack_40_2.dat
Time of solving: 10.00
Obj: 17
Details: [[100, 50], [98, 52], [97, 48], [93, 57], [91, 59], [90, 60], [89, 55], [87, 62], [84, 66], [82, 67], [80, 69], [78, 64], [77, 73], [75, 54, 21], [45, 43, 40], [39, 37, 35, 33], [30, 28, 26, 23]]

bin_pack_45_0.dat
Time of solving: 10.01
Obj: 19
Details: [[100, 49], [98, 52], [97, 47], [96, 54], [94, 46], [91, 58], [90, 60], [87, 62], [84, 66], [83, 67], [81, 69], [80, 64], [79, 71], [77, 73], [75, 57], [45, 43, 42], [40, 38, 37, 35], [34, 32, 30, 29, 25], [27, 24, 22]]

bin_pack_45_1.dat
Time of solving: 10.00
Obj: 19
Details: [[100, 49], [99, 51], [97, 53], [96, 54], [94, 55], [92, 57], [90, 60], [88, 62], [87, 59], [84, 66], [83, 67], [81, 69], [79, 71], [77, 72], [75, 64], [48, 46, 44], [43, 41, 39, 27], [37, 35, 34, 32], [29, 25, 23, 21]]

bin_pack_45_2.dat
Time of solving: 10.01
Obj: 19
Details: [[100, 50], [98, 52], [97, 49], [94, 55], [92, 58], [91, 59], [90, 57], [88, 61], [86, 64], [84, 66], [82, 67], [80, 69], [79, 63], [78, 72], [76, 74], [54, 46, 45], [42, 40, 38, 29], [37, 35, 34, 32], [27, 26, 23, 21]]

bin_pack_50_0.dat
Time of solving: 10.00
Obj: 20
Details: [[100, 49], [98, 51], [97, 53], [96, 28, 26], [95, 55], [92, 57], [90, 60], [89, 59], [86, 64], [84, 66], [83, 67], [81, 69], [80, 70], [79, 47, 23], [78, 72], [76, 74], [62, 46, 42], [45, 43, 37, 25], [41, 39, 38, 32], [35, 34, 30, 29, 22]]

bin_pack_50_1.dat
Time of solving: 10.00
Obj: 21
Details: [[100, 50], [99, 51], [98, 48], [96, 53], [95, 55], [92, 58], [91, 56], [89, 61], [88, 62], [86, 64], [84, 66], [83, 67], [82, 60], [80, 70], [78, 72], [76, 73], [69, 53, 27], [47, 45, 44], [42, 41, 39, 26], [37, 36, 34, 32], [30, 24, 22, 21]]

bin_pack_50_2.dat
Time of solving: 10.00
Obj: 21
Details: [[100, 49], [99, 51], [97, 52], [95, 55], [92, 58], [91, 59], [90, 60], [89, 57], [88, 62], [86, 63], [84, 66], [82, 67], [81, 69], [79, 71], [78, 65], [77, 54], [75, 74], [46, 45, 43], [41, 40, 38, 30], [37, 36, 34, 32], [28, 27, 24, 22, 21]]

bin_pack_55_0.dat
Time of solving: 10.00
Fail

bin_pack_55_1.dat
Time of solving: 10.04
Obj: 23
Details: [[100, 50], [99, 51], [98, 48], [97, 53], [95, 55], [94, 56], [92, 57], [91, 59], [89, 61], [88, 60], [86, 64], [84, 66], [83, 67], [82, 63], [81, 69], [79, 71], [77, 73], [75, 70], [53, 47, 45], [44, 43, 42, 21], [40, 39, 37, 34], [36, 32, 31, 29, 22], [27, 25, 24]]

bin_pack_55_2.dat
Time of solving: 10.00
Obj: 23
Details: [[100, 50], [99, 51], [98, 52], [96, 54], [94, 55], [92, 57], [91, 59], [90, 60], [89, 61], [88, 62], [86, 64], [84, 66], [82, 67], [81, 69], [79, 71], [78, 65], [78, 57], [76, 73], [75, 48, 26], [45, 45, 43], [41, 40, 38, 31], [37, 36, 35, 33], [29, 28, 24, 22, 21]]

bin_pack_60_0.dat
Time of solving: 10.00
Fail

bin_pack_60_1.dat
Time of solving: 10.00
Obj: 25
Details: [[100, 50], [100, 49], [98, 51], [97, 53], [96, 53], [94, 56], [92, 58], [91, 57], [90, 60], [88, 62], [87, 63], [86, 60], [84, 66], [83, 67], [82, 65], [81, 69], [79, 71], [78, 72], [76, 74], [70, 55, 25], [48, 46, 45], [44, 43, 42, 21], [40, 39, 37, 34], [36, 32, 32, 30, 20], [27, 26, 23]]

bin_pack_60_2.dat
Time of solving: 10.01
Obj: 25
Details: [[100, 50], [99, 51], [98, 52], [97, 49], [94, 56], [92, 58], [91, 59], [91, 57], [90, 60], [89, 54], [87, 63], [86, 64], [84, 66], [82, 67], [81, 69], [80, 70], [79, 65], [78, 62], [77, 73], [76, 74], [54, 46, 45], [44, 42, 40, 23], [39, 38, 37, 36], [35, 33, 32, 30], [28, 27, 26, 22, 21]]

bin_pack_65_0.dat
Time of solving: 10.00
Obj: 27
Details: [[100, 50], [99, 27, 24], [98, 25, 21], [97, 53], [96, 54], [95, 29, 26], [93, 57], [91, 58], [90, 60], [89, 61], [87, 62], [85, 65], [84, 66], [83, 67], [82, 64], [80, 70], [80, 69], [79, 71], [78, 49, 23], [76, 74], [75, 73], [56, 48, 46], [46, 45, 30, 29], [44, 43, 42], [41, 40, 36, 33], [38, 37], [35, 35, 32]]

bin_pack_65_1.dat
Time of solving: 10.00
Obj: 27
Details: [[100, 50], [100, 49], [99, 48], [97, 53], [96, 53], [95, 55], [93, 56], [92, 58], [91, 59], [89, 61], [88, 62], [87, 60], [86, 64], [84, 66], [83, 67], [82, 65], [81, 69], [80, 70], [78, 72], [77, 73], [75, 71], [55, 52, 43], [47, 45, 44], [42, 41, 40, 27], [38, 37, 36, 34], [33, 32, 31, 28, 26], [24, 23, 21, 20]]

bin_pack_65_2.dat
Time of solving: 10.01
Obj: 27
Details: [[100, 50], [99, 49], [98, 52], [97, 52], [95, 54], [93, 57], [92, 58], [91, 59], [90, 60], [89, 61], [88, 62], [87, 63], [86, 64], [84, 66], [82, 67], [81, 69], [80, 70], [79, 65], [78, 72], [77, 56], [76, 74], [75, 54, 21], [48, 45, 45], [43, 41, 40, 26], [39, 38, 37, 36], [35, 34, 32, 30], [29, 28, 25, 23, 22]]

bin_pack_70_0.dat
Time of solving: 10.00
Obj: 29
Details: [[100, 50], [99, 49], [98, 27, 25], [97, 53], [96, 53], [95, 55], [94, 32, 24], [92, 58], [91, 59], [90, 60], [88, 62], [86, 64], [85, 65], [84, 66], [83, 67], [82, 61], [81, 69], [80, 70], [79, 71], [79, 48, 23], [78, 72], [76, 74], [73, 47, 30], [57, 46, 45], [44, 43, 42, 21], [42, 41, 39, 28], [38, 37], [36, 35, 35], [33, 31, 29, 26]]

bin_pack_70_1.dat
Time of solving: 10.01
Obj: 29
Details: [[100, 50], [100, 49], [99, 48], [98, 52], [97, 53], [95, 55], [94, 56], [92, 58], [91, 57], [90, 60], [89, 61], [88, 62], [87, 60], [86, 64], [84, 66], [83, 67], [82, 65], [81, 69], [80, 70], [79, 69], [78, 72], [76, 74], [72, 54, 24], [53, 47, 46], [45, 44, 43], [42, 41, 40, 27], [38, 37, 36, 34], [34, 32, 31, 30, 23], [27, 25, 21, 20]]

bin_pack_70_2.dat
Time of solving: 10.00
Obj: 29
Details: [[100, 50], [99, 51], [98, 52], [97, 52], [96, 54], [94, 56], [92, 58], [91, 59], [91, 58], [90, 60], [89, 57], [88, 62], [87, 63], [86, 64], [84, 66], [82, 67], [82, 65], [80, 69], [79, 69], [78, 72], [78, 62], [77, 54], [76, 74], [75, 48, 27], [46, 45, 44], [42, 41, 40, 26], [39, 38, 37, 36], [35, 34, 33, 31], [30, 28, 24, 23, 22, 21]]

bin_pack_75_0.dat
Time of solving: 10.00
Obj: 30
Details: [[100, 50], [99, 49], [98, 48], [97, 53], [97, 53], [96, 32, 22], [95, 55], [93, 57], [91, 58], [90, 60], [90, 60], [88, 62], [86, 64], [85, 63], [84, 66], [83, 67], [82, 68], [81, 67], [80, 70], [80, 70], [79, 71], [78, 47, 25], [76, 74], [75, 73], [57, 46, 45], [45, 43, 41, 21], [43, 42, 40, 25], [39, 38, 37, 36], [35, 35, 30, 27, 23], [33, 32, 29, 29, 26]]

bin_pack_75_1.dat
Time of solving: 10.00
Obj: 31
Details: [[100, 50], [100, 50], [99, 48], [98, 52], [97, 53], [96, 54], [95, 55], [93, 57], [92, 58], [91, 59], [90, 60], [89, 61], [88, 62], [87, 63], [85, 65], [84, 66], [84, 64], [82, 67], [82, 56], [81, 69], [79, 71], [78, 72], [77, 73], [75, 70], [69, 53, 28], [48, 47, 45], [44, 44, 43], [42, 41, 40, 27], [38, 37, 36, 35], [34, 32, 32, 30, 22], [26, 25, 23, 21, 20]]

bin_pack_75_2.dat
Time of solving: 10.00
Obj: 31
Details: [[100, 50], [99, 51], [98, 52], [97, 52], [97, 49], [94, 56], [92, 58], [92, 57], [91, 59], [90, 60], [90, 57], [89, 61], [88, 62], [87, 63], [85, 65], [84, 66], [83, 67], [82, 68], [81, 69], [79, 71], [79, 65], [78, 64], [77, 73], [76, 74], [75, 54, 21], [54, 46, 45], [45, 43, 42], [40, 40, 39, 30], [38, 37, 36, 35], [34, 33, 32, 29, 22], [28, 27, 26, 23, 21]]

bin_pack_80_0.dat
Time of solving: 10.00
Obj: 33
Details: [[100, 50], [99, 49], [98, 52], [98, 30, 22], [97, 53], [96, 28, 26], [95, 55], [94, 56], [92, 58], [91, 59], [90, 60], [90, 57], [88, 62], [86, 64], [84, 66], [84, 64], [83, 67], [82, 68], [81, 67], [80, 70], [80, 70], [79, 71], [78, 48, 24], [78, 47, 25], [76, 74], [73, 73], [61, 46, 43], [46, 45, 36, 23], [44, 42, 42, 21], [41, 40, 39, 30], [38, 37], [35, 35, 34], [33, 32, 29, 27]]

bin_pack_80_1.dat
Time of solving: 10.01
Obj: 33
Details: [[100, 50], [100, 49], [99, 51], [98, 52], [97, 53], [96, 54], [95, 55], [94, 56], [92, 57], [91, 59], [91, 57], [89, 61], [88, 62], [88, 60], [87, 63], [85, 64], [84, 66], [84, 66], [83, 67], [82, 60], [81, 69], [80, 70], [78, 72], [78, 71], [76, 73], [75, 69], [53, 48, 47], [46, 45, 44], [43, 42, 42, 23], [40, 40, 38, 32], [37, 36, 35, 34], [33, 31, 29, 27, 27], [26, 24, 22, 21, 20]]

bin_pack_80_2.dat
Time of solving: 10.00
Obj: 33
Details: [[100, 50], [99, 51], [98, 52], [98, 52], [97, 49], [95, 55], [93, 57], [92, 58], [91, 59], [91, 59], [90, 60], [90, 57], [89, 61], [88, 62], [87, 63], [85, 65], [84, 66], [83, 67], [82, 68], [81, 69], [80, 66], [79, 71], [78, 64], [78, 54], [77, 73], [76, 74], [75, 54, 21], [48, 46, 45], [44, 43, 41, 22], [40, 40, 39, 30], [38, 37, 36, 35], [35, 33, 32, 29, 21], [28, 27, 26, 26, 23]]

bin_pack_85_0.dat
Time of solving: 10.01
Obj: 35
Details: [[100, 50], [100, 49], [98, 52], [98, 27, 25], [97, 53], [96, 54], [95, 55], [94, 32, 24], [92, 58], [92, 57], [91, 59], [90, 60], [89, 61], [87, 62], [85, 65], [84, 66], [84, 64], [83, 67], [82, 68], [81, 69], [80, 70], [80, 67], [79, 71], [79, 57], [78, 72], [76, 74], [75, 73], [48, 47, 28, 27], [46, 46, 35, 23], [45, 44, 39, 22], [43, 43, 42, 21], [42, 41, 38, 29], [38, 37], [36, 35, 34], [33, 31, 30, 26]]

bin_pack_85_1.dat
Time of solving: 10.01
Obj: 35
Details: [[100, 50], [100, 49], [99, 51], [98, 52], [97, 53], [97, 53], [95, 55], [94, 56], [92, 58], [92, 57], [91, 59], [90, 60], [89, 61], [88, 62], [88, 60], [87, 55], [85, 65], [84, 66], [84, 66], [83, 67], [82, 64], [81, 69], [80, 70], [79, 71], [78, 72], [77, 72], [75, 74], [69, 54, 27], [48, 47, 46], [45, 44, 44], [43, 42, 41, 24], [40, 39, 38, 33], [37, 37, 35, 34], [32, 31, 30, 28, 26], [25, 23, 22, 21, 20]]

bin_pack_85_2.dat
Time of solving: 10.01
Obj: 35
Details: [[100, 50], [99, 51], [98, 52], [98, 52], [97, 49], [95, 55], [94, 56], [92, 58], [92, 58], [91, 59], [91, 57], [90, 60], [89, 61], [88, 62], [88, 62], [86, 64], [85, 65], [84, 66], [83, 67], [82, 68], [81, 69], [80, 70], [79, 66], [78, 72], [78, 63], [77, 54], [76, 74], [76, 54, 20], [75, 48, 27], [46, 45, 45], [44, 42, 41, 23], [40, 39, 38, 33], [38, 37, 36, 35], [35, 34, 31, 30], [29, 28, 26, 24, 22, 21]]

bin_pack_90_0.dat
Time of solving: 10.00
Fail

bin_pack_90_1.dat
Time of solving: 10.00
Obj: 37
Details: [[100, 50], [100, 49], [99, 51], [98, 52], [97, 53], [97, 53], [96, 54], [95, 55], [94, 56], [92, 58], [92, 57], [91, 59], [90, 60], [89, 61], [88, 62], [87, 63], [87, 60], [85, 65], [84, 66], [84, 66], [83, 67], [82, 64], [81, 69], [81, 69], [79, 71], [78, 72], [77, 73], [76, 71], [75, 70], [55, 48, 47], [48, 46, 45], [44, 43, 43, 20], [42, 41, 40, 27], [39, 38, 37, 35], [37, 34, 34, 32], [32, 31, 29, 27, 26], [25, 24, 23, 21, 21]]

bin_pack_90_2.dat
Time of solving: 10.00
Obj: 37
Details: [[100, 50], [99, 51], [98, 52], [98, 52], [97, 50], [96, 54], [94, 56], [93, 57], [92, 58], [91, 59], [91, 59], [90, 60], [90, 57], [89, 61], [88, 62], [87, 63], [86, 64], [85, 65], [84, 66], [83, 67], [82, 68], [81, 69], [80, 70], [79, 66], [79, 64], [78, 72], [78, 55], [77, 73], [76, 74], [75, 54, 21], [49, 48, 46], [45, 45, 43], [42, 41, 40, 27], [39, 38, 38, 35], [37, 36, 35, 34], [33, 32, 30, 29, 26], [28, 26, 24, 23, 22, 20]]

bin_pack_95_0.dat
Time of solving: 10.01
Obj: 38
Details: [[100, 50], [100, 49], [98, 52], [98, 48], [97, 53], [97, 53], [96, 27, 27], [95, 55], [94, 56], [92, 58], [92, 58], [91, 59], [90, 60], [90, 57], [88, 62], [86, 64], [85, 65], [84, 66], [84, 63], [83, 67], [82, 68], [81, 69], [80, 70], [80, 67], [80, 61], [79, 71], [78, 71], [78, 47, 25], [76, 74], [75, 73], [73, 46, 30], [46, 45, 36, 23], [45, 44, 40, 21], [43, 43, 42, 22], [42, 41, 39, 28], [38, 37, 37, 35], [35, 34, 32, 25, 24], [33, 32, 30, 29, 26]]

bin_pack_95_1.dat
Time of solving: 10.00
Obj: 39
Details: [[100, 50], [100, 49], [99, 51], [99, 48], [98, 52], [97, 53], [96, 54], [95, 55], [94, 56], [92, 58], [92, 57], [91, 59], [91, 57], [89, 61], [89, 60], [88, 62], [87, 63], [87, 60], [85, 65], [84, 66], [84, 66], [83, 67], [82, 64], [81, 69], [81, 69], [80, 70], [79, 71], [78, 72], [77, 73], [75, 74], [70, 55, 25], [53, 48, 47], [46, 45, 44], [44, 43, 42, 21], [42, 41, 40, 27], [39, 38, 37, 36], [37, 34, 34, 32], [32, 31, 30, 28, 27], [24, 23, 23, 21, 20]]

bin_pack_95_2.dat
Time of solving: 10.01
Obj: 39
Details: [[100, 50], [99, 51], [99, 49], [98, 52], [97, 52], [97, 52], [95, 55], [94, 56], [92, 58], [92, 57], [91, 59], [91, 59], [90, 60], [90, 57], [89, 61], [88, 62], [87, 63], [86, 64], [85, 65], [84, 66], [83, 67], [82, 68], [81, 69], [80, 66], [79, 64], [79, 62], [78, 72], [78, 54], [77, 73], [76, 74], [76, 54, 20], [75, 48, 27], [70, 46, 34], [45, 45, 44], [43, 41, 40, 26], [40, 39, 38, 33], [38, 37, 36, 36], [35, 32, 31, 30, 22], [29, 28, 26, 23, 23, 21]]

