bin_pack_20_0.dat
       product
box           
0    7, 15, 16
1        6, 10
2        0, 12
3            1
4    2, 18, 19
5    9, 13, 17
6         4, 8
7        5, 14
18       3, 11

bin_pack_20_1.dat
        product
box            
1    10, 11, 17
2         2, 15
3         0, 16
4     3, 18, 19
7         5, 14
8          8, 9
9         4, 13
18        1, 12
19         6, 7

bin_pack_20_2.dat
       product
box           
0         7, 8
1        2, 11
2        3, 13
3        1, 17
4    9, 12, 19
5    4, 16, 18
6        5, 14
18       0, 15
19       6, 10

bin_pack_25_0.dat
        product
box            
0         8, 11
1         3, 13
2         9, 12
3         0, 20
4         4, 15
5     2, 23, 24
6    10, 16, 21
7     6, 18, 22
8         5, 17
9         7, 14
23        1, 19

bin_pack_25_1.dat
            product
box                
0        10, 13, 24
2             2, 15
3             5, 14
4    17, 20, 21, 23
5             3, 22
6             4, 12
7             1, 16
8             6, 18
9             7, 11
23            0, 19
24             8, 9

bin_pack_25_2.dat
        product
box            
1         5, 12
2    11, 15, 24
3         0, 17
4    16, 18, 22
5         1, 19
6         4, 13
7         6, 10
8         3, 14
9          7, 9
23        2, 23
24    8, 20, 21

bin_pack_30_0.dat
        product
box            
0         5, 17
1    13, 19, 25
2    14, 15, 27
5         1, 21
6    10, 22, 24
7         8, 12
8         6, 20
9         3, 16
10        2, 23
11    9, 18, 29
12        0, 26
28        4, 28
29        7, 11

bin_pack_30_1.dat
        product
box            
0         8, 14
1    13, 15, 28
2     3, 25, 29
3    12, 18, 27
4         0, 24
5         2, 22
6         4, 19
7    11, 20, 26
8         6, 21
9         7, 16
12        1, 23
13        5, 17
28        9, 10

bin_pack_30_2.dat