bin_pack_100_0.dat
            product
box                
0         7, 83, 99
1    47, 85, 87, 91
2            40, 54
3        44, 45, 98
4             4, 79
5             3, 77
6        16, 74, 96
7        14, 80, 94
8            48, 50
9             2, 71
10            0, 72
11       58, 59, 84
12       53, 64, 75
13            1, 92
14        5, 86, 97
15            6, 62
16       41, 51, 95
17           20, 57
18           30, 34
19           10, 55
20           11, 60
21           15, 61
22       66, 67, 70
23           17, 76
24           38, 42
25       56, 68, 69
26           19, 65
27       39, 63, 81
28       21, 78, 89
29            9, 73
30               22
31           25, 36
32           28, 37
33           27, 43
34       46, 49, 90
35           31, 32
36           26, 35
37        8, 88, 93
39           12, 52
40           13, 82
41               24
42               23
43               18
99           29, 33

bin_pack_100_1.dat
Fail

bin_pack_100_2.dat
            product
box                
0            27, 45
1            12, 55
2            15, 62
3            29, 65
4         8, 80, 98
5        48, 52, 96
6        53, 54, 92
7        42, 57, 91
8             0, 88
9        66, 70, 79
10           26, 64
11            4, 63
12        1, 87, 99
13       51, 59, 90
14            3, 67
15            5, 82
16        7, 93, 94
17       38, 68, 85
18            6, 60
19           41, 46
20           11, 61
21           13, 50
22           23, 58
23           10, 69
24       20, 73, 97
25           18, 72
26           16, 77
27            9, 71
28           21, 56
29       30, 81, 86
30           19, 78
31       49, 75, 76
33           34, 43
34           31, 40
35           32, 44
36           33, 35
37           25, 37
38               17
39   47, 83, 89, 95
40            2, 74
41           22, 39
42           28, 36
98               24
99           14, 84

bin_pack_105_0.dat
Fail

bin_pack_105_1.dat
Fail

bin_pack_105_2.dat
Fail

bin_pack_110_0.dat
              product
box                  
0         22, 92, 100
1         23, 80, 104
2              27, 79
3         51, 56, 108
4    50, 96, 101, 105
5         53, 54, 106
6          14, 97, 98
7              17, 63
8              20, 52
9               5, 82
10    64, 90, 99, 103
11              0, 74
12         1, 95, 109
13              3, 81
14              2, 71
15              9, 69
16         57, 68, 78
17              8, 72
18              6, 89
19             10, 61
20             12, 60
21         37, 86, 91
22             15, 66
23         46, 73, 94
24        49, 58, 107
25             4, 102
26         48, 75, 76
27             21, 59
28             25, 70
29         36, 85, 88
30             24, 62
31         26, 87, 93
32             13, 77
33                 19
34             30, 38
35             35, 45
36             31, 44
38             16, 65
39             11, 84
40             34, 55
41             32, 40
42             42, 43
43             28, 41
44              7, 83
45             29, 39
46             18, 67
108            33, 47

bin_pack_110_1.dat
Fail

bin_pack_110_2.dat
Fail

bin_pack_115_0.dat
          product
box              
0      48, 76, 99
1          11, 81
2     60, 66, 106
3     54, 59, 107
4     45, 85, 103
5          15, 62
6           9, 83
7      8, 96, 112
8    24, 104, 110
10         33, 63
11     61, 70, 80
12          0, 77
13    50, 56, 109
14          3, 98
15          6, 69
16          4, 73
17          7, 65
18   10, 101, 105
19     58, 72, 82
20    47, 57, 111
21         17, 90
22         25, 74
23         14, 68
24   16, 100, 102
25    51, 64, 113
26         18, 91
27     41, 87, 97
28    13, 95, 108
29         28, 88
30          2, 94
31         32, 55
32     37, 84, 92
33         29, 49
34         23, 93
35         30, 53
36         31, 46
37         20, 52
38         35, 36
39         43, 78
40    22, 75, 114
41         38, 39
42         21, 86
43         27, 42
44         26, 44
45          1, 89
47          5, 67
49         19, 79
50         34, 40
114        12, 71

bin_pack_115_1.dat
               product
box                   
0     71, 88, 104, 105
1          57, 58, 112
2    51, 101, 110, 113
3          52, 62, 108
4           55, 68, 98
5               19, 54
6          60, 64, 106
7                2, 72
8                1, 73
9          53, 56, 103
10          77, 78, 95
11              0, 100
12              15, 61
13         47, 59, 109
14          49, 69, 99
15               3, 75
16               4, 74
17              14, 91
18              20, 67
19              11, 65
20              43, 66
21              17, 84
22               6, 94
23              16, 76
24         48, 63, 107
25               8, 89
26               5, 70
27              10, 90
28     81, 82, 85, 114
29              25, 87
30              21, 93
31          27, 96, 97
32                   7
33              26, 86
34         28, 92, 102
35              29, 45
36                  12
37                  13
38              33, 50
39              24, 79
40              36, 39
41                  23
42              30, 44
43              18, 83
44              41, 42
45              35, 46
46               9, 80
47              32, 38
48             22, 111
50              31, 40
113             34, 37

bin_pack_115_2.dat
              product
box                  
0         21, 96, 107
1         28, 76, 112
2         51, 63, 111
3         52, 65, 110
4               3, 99
5         46, 64, 108
6    75, 77, 102, 113
7        11, 103, 106
8         34, 87, 104
9         57, 59, 101
10             53, 54
11             23, 85
12             58, 95
13        56, 61, 100
14              6, 79
15              2, 78
16              4, 74
17             10, 68
18              7, 70
19              8, 69
20              0, 93
21              5, 80
22             18, 72
23             12, 60
24              9, 86
25         47, 81, 92
26             17, 83
27        50, 66, 105
29        20, 88, 109
30             22, 71
31             13, 90
32             37, 49
33             26, 67
34             27, 62
35         55, 89, 98
36             30, 42
37             15, 91
38             32, 41
39             14, 94
40             36, 40
41        19, 84, 114
42             38, 39
44             33, 43
45             35, 48
46              1, 97
49             25, 45
50             24, 82
52             29, 44
113                31
114            16, 73

bin_pack_120_0.dat
Fail

bin_pack_120_1.dat
Fail

bin_pack_120_2.dat
Fail

bin_pack_125_0.dat
Fail

bin_pack_125_1.dat
Fail

bin_pack_125_2.dat
              product
box                  
0              10, 98
1         53, 70, 122
2        40, 105, 109
3         55, 72, 118
4              31, 58
5         66, 69, 116
6         1, 110, 123
7              12, 96
8         62, 81, 101
9             63, 121
10        36, 92, 113
11   76, 94, 114, 115
12             16, 85
13              5, 90
14             0, 103
15             7, 120
16              2, 97
17              3, 89
18             52, 64
19        6, 111, 119
20        59, 78, 104
21              4, 77
22             22, 68
23             11, 86
24        61, 65, 117
25             13, 74
26             15, 88
27        60, 71, 112
28             21, 80
29             28, 93
30             32, 47
31             14, 83
32             23, 75
33         57, 91, 99
34             25, 67
35             26, 79
36                 29
37                 20
38             42, 49
39             33, 56
40             30, 51
41             18, 82
42             37, 54
43             38, 50
44       39, 100, 108
45             41, 48
46            27, 102
47             43, 44
48         73, 84, 95
51              9, 87
52                 17
53                 24
54             34, 46
72             35, 45
123      19, 107, 124
124            8, 106

bin_pack_130_0.dat
Fail

bin_pack_130_1.dat
Fail

bin_pack_130_2.dat
Fail

bin_pack_135_0.dat
Fail

bin_pack_135_1.dat
Fail

bin_pack_135_2.dat
Fail

bin_pack_140_0.dat
Fail

bin_pack_140_1.dat
Fail

bin_pack_140_2.dat
Fail

bin_pack_145_0.dat
Fail

bin_pack_145_1.dat